010 5.29832 1 79 1 10.824 
0408 5.29832 1 67 1 13.771 
1 5.29832 1 172 1 12.3126 
17th 5.29832 1 187 1 9.04486 
1936 5.29832 1 112 1 11.2167 
1950s 5.29832 1 135 1 18.2415 
1980 5.29832 1 84 1 10.0688 
2010 5.29832 1 117 1 12.2465 
2011 5.29832 1 190 1 10.338 
30 4.60517 2 114 1 8.61397 184 1 13.534 
39365 5.29832 1 105 1 9.3257 
40th 5.29832 1 78 1 10.6841 
5 5.29832 1 49 1 13.1456 
a330343 5.29832 1 67 1 13.771 
aerospatiale 5.29832 1 49 1 13.1456 
afghanistan 5.29832 1 44 1 9.77011 
africa 4.60517 2 118 1 8.95009 120 1 11.7069 
aggressors 5.29832 1 66 1 8.58964 
air 4.60517 2 67 1 13.771 136 1 5.55197 
airbus 5.29832 1 67 1 13.771 
airplane 4.19971 3 59 1 15.5633 61 1 6.76089 63 1 8.58964 
airplanes 5.29832 1 60 1 9.17695 
alex 5.29832 1 126 1 7.49295 
allens 5.29832 1 173 1 8.20871 
american 5.29832 1 128 1 11.0747 
amy 5.29832 1 70 1 9.89062 
anniversary 5.29832 1 78 1 10.6841 
arena 5.29832 1 146 1 8.87702 
arkady 5.29832 1 89 1 14.018 
army 5.29832 1 86 1 7.77936 
as350ba 5.29832 1 49 1 13.1456 
atlantis 4.19971 3 33 1 7.57867 34 1 7.57867 35 1 10.5275 
attacking 4.60517 2 156 1 6.23258 169 1 6.68896 
austria 5.29832 1 85 1 13.4812 
auto 4.60517 2 77 1 12.8635 82 1 12.9228 
babyfoot 5.29832 1 117 1 12.2465 
back 5.29832 1 145 1 10.338 
baked 5.29832 1 10 1 11.2957 
balagan 5.29832 1 89 1 14.018 
barbie 5.29832 1 122 1 6.19946 
base 5.29832 1 64 1 9.74625 
baseball 3.10109 9 131 1 8.10932 132 1 13.3435 133 1 8.95009 134 1 9.68676 135 1 18.2415 136 1 5.55197 137 1 8.10932 138 1 9.3257 139 1 7.21332 
beach 5.29832 1 181 1 11.1143 
bell 5.29832 1 45 1 9.41226 
berlin 4.60517 2 112 1 11.2167 158 1 7.84702 
bicycle 3.21888 8 50 1 6.19946 51 1 9.7251 52 1 6.19946 53 1 6.19946 54 1 6.19946 55 1 6.19946 56 1 13.1122 57 1 6.19946 
bicycles 5.29832 1 58 1 7.49295 
bicylcle 5.29832 1 52 1 6.19946 
bike 5.29832 1 56 1 13.1122 
bikini 5.29832 1 98 1 11.5541 
bird 3.35241 7 168 1 8.20871 169 1 6.68896 170 1 7.77936 171 1 8.20871 173 1 8.20871 174 1 10.8011 175 1 9.77011 
birds 5.29832 1 172 1 12.3126 
bison 5.29832 1 18 1 7.49295 
black 4.19971 3 178 1 10.6739 192 1 10.5932 193 1 11.8813 
blackwinged 5.29832 1 176 1 14.018 
blind 5.29832 1 56 1 13.1122 
bmw 4.19971 3 78 1 10.6841 79 1 10.824 80 1 10.6841 
boat 3.68888 5 70 1 9.89062 71 1 6.456 72 1 6.456 73 1 11.2204 76 1 6.456 
boating 5.29832 1 69 1 11.5541 
boats 4.19971 3 68 1 4.19971 74 1 6.23258 75 1 9.74625 
borango 5.29832 1 164 1 10.0923 
bored 5.29832 1 150 1 8.27286 
boston 4.60517 2 111 1 8.95009 139 1 7.21332 
braylon 5.29832 1 129 1 11.0747 
breaded 5.29832 1 22 1 9.97599 
breaking 5.29832 1 199 1 9.93118 
bricks 5.29832 1 144 1 10.2676 
bristol 5.29832 1 104 1 9.00361 
britain 5.29832 1 121 1 9.3257 
british 5.29832 1 153 1 8.27286 
broadway 5.29832 1 28 1 6.19946 
brown 5.29832 1 184 1 13.534 
bryant 5.29832 1 120 1 11.7069 
buffalo 5.29832 1 155 1 8.58964 
bun 5.29832 1 8 1 9.43853 
burger 5.29832 1 8 1 9.43853 
cabrio 5.29832 1 85 1 13.4812 
cake 5.29832 1 78 1 10.6841 
camp 5.29832 1 167 1 9.82407 
campthe 5.29832 1 128 1 11.0747 
canada 5.29832 1 67 1 13.771 
cap 5.29832 1 61 1 6.76089 
car 3.50656 6 78 1 10.6841 80 1 10.6841 82 1 12.9228 83 1 11.1617 84 1 10.0688 169 1 6.68896 
cars 3.91202 4 77 1 12.8635 79 1 10.824 81 1 6.94589 85 1 13.4812 
cassins 5.29832 1 174 1 10.8011 
cat 3.21888 8 184 1 13.534 185 1 6.19946 187 1 9.04486 188 1 7.72275 189 1 6.19946 190 1 10.338 191 1 8.87702 192 1 10.5932 
cats 5.29832 1 186 1 9.17695 
cghkw 5.29832 1 67 1 13.771 
champions 5.29832 1 121 1 9.3257 
chard 5.29832 1 4 1 13.4042 
chas 5.29832 1 59 1 15.5633 
checkmate 4.60517 2 90 1 5.69616 93 1 11.1088 
cheese 5.29832 1 9 1 7.49295 
chef 5.29832 1 27 1 8.15509 
chess 3.35241 7 86 1 7.77936 88 1 6.26983 90 1 5.69616 91 1 7.77936 92 1 8.20871 93 1 11.1088 94 1 8.20871 
chessmasterturneddetective 5.29832 1 89 1 14.018 
chessmen 5.29832 1 87 1 7.49295 
chicken 4.19971 3 8 1 9.43853 19 1 7.81112 24 1 7.48805 
chiefs 5.29832 1 125 1 8.15509 
china 5.29832 1 154 1 7.84702 
choclate 5.29832 1 101 1 6.13913 
ciliegino 5.29832 1 7 1 14.9026 
city 4.60517 2 91 1 7.77936 105 1 9.3257 
close 5.29832 1 200 1 9.93118 
closes 5.29832 1 194 1 9.41226 
cn 5.29832 1 67 1 13.771 
cold 5.29832 1 107 1 8.26419 
college 5.29832 1 110 1 9.68676 
colony 5.29832 1 134 1 9.68676 
coming 5.29832 1 145 1 10.338 
complete 5.29832 1 56 1 13.1122 
con 4.60517 2 1 1 10.4785 7 1 14.9026 
contest 4.60517 2 2 1 8.44342 3 1 8.44342 
cordillerana 5.29832 1 176 1 14.018 
cornmeal 5.29832 1 22 1 9.97599 
county 5.29832 1 190 1 10.338 
coupe 5.29832 1 117 1 12.2465 
cream 5.29832 1 11 1 7.66029 
crossing 5.29832 1 141 1 6.19946 
cup 4.19971 3 119 1 9.72817 120 1 11.7069 159 1 9.86491 
custom 4.60517 2 56 1 13.1122 77 1 12.8635 
cute 5.29832 1 186 1 9.17695 
cutest 5.29832 1 184 1 13.534 
dakota 5.29832 1 135 1 18.2415 
damon 5.29832 1 138 1 9.3257 
dancer 5.29832 1 151 1 6.35359 
day 3.91202 4 107 1 8.26419 114 1 8.61397 152 1 7.46137 187 1 9.04486 
delivery 5.29832 1 25 1 8.15509 
di 4.60517 2 1 1 10.4785 7 1 14.9026 
diesel 5.29832 1 84 1 10.0688 
digue 5.29832 1 181 1 11.1143 
display 5.29832 1 62 1 8.58964 
dog 3.35241 7 99 1 4.56677 177 1 7.18378 178 1 10.6739 179 1 10.6345 181 1 11.1143 182 1 6.26983 183 1 11.1143 
dogs 5.29832 1 180 1 5.29832 
dominos 5.29832 1 25 1 8.15509 
dove 5.29832 1 176 1 14.018 
doyle 5.29832 1 89 1 14.018 
drew 5.29832 1 142 1 13.3714 
du 5.29832 1 117 1 12.2465 
eastern 5.29832 1 168 1 8.20871 
eating 4.19971 3 2 1 8.44342 3 1 8.44342 140 1 7.48805 
edwards 5.29832 1 129 1 11.0747 
eggs 5.29832 1 20 1 6.58605 
elephant 3.50656 6 159 1 9.86491 160 1 5.78822 161 1 8.27286 162 1 6.35359 163 1 8.27286 167 1 9.82407 
elephants 4.19971 3 164 1 10.0923 165 1 9.74625 166 1 6.76089 
elmo 5.29832 1 27 1 8.15509 
em 5.29832 1 194 1 9.41226 
endgames 5.29832 1 89 1 14.018 
ends 5.29832 1 130 1 9.7251 
england 5.29832 1 123 1 13.1122 
enterprise 4.60517 2 39 1 6.30863 41 1 6.30863 
error 5.29832 1 79 1 10.824 
essex 5.29832 1 48 1 12.3126 
estate 5.29832 1 142 1 13.3714 
f16 5.29832 1 66 1 8.58964 
family 4.19971 3 143 1 5.29138 147 1 5.29138 179 1 10.6345 
fans 5.29832 1 119 1 9.72817 
farro 5.29832 1 7 1 14.9026 
father 5.29832 1 128 1 11.0747 
feast 5.29832 1 157 1 8.1803 
feds 4.60517 2 2 1 8.44342 3 1 8.44342 
felix 5.29832 1 102 1 10.558 
female 5.29832 1 200 1 9.93118 
ferry 5.29832 1 73 1 11.2204 
fig 5.29832 1 29 1 8.15509 
finals 5.29832 1 124 1 7.72275 
fly 5.29832 1 148 1 8.79499 
flying 5.29832 1 142 1 13.3714 
foot 5.29832 1 161 1 8.27286 
football 3.21888 8 122 1 6.19946 123 1 13.1122 124 1 7.72275 125 1 8.15509 127 1 6.19946 128 1 11.0747 129 1 11.0747 130 1 9.7251 
footballer 5.29832 1 126 1 7.49295 
francisco 5.29832 1 63 1 8.58964 
french 5.29832 1 65 1 8.79499 
freshman 5.29832 1 134 1 9.68676 
fried 5.29832 1 19 1 7.81112 
friendly 5.29832 1 113 1 8.10932 
gadsden 5.29832 1 132 1 13.3435 
gamberi 5.29832 1 7 1 14.9026 
garden 5.29832 1 175 1 9.77011 
gear 5.29832 1 35 1 10.5275 
girl 5.29832 1 108 1 6.13913 
gmc 5.29832 1 115 1 6.13913 
goal 5.29832 1 106 1 6.13913 
goddess 5.29832 1 98 1 11.5541 
gorge 5.29832 1 69 1 11.5541 
gpower 5.29832 1 80 1 10.6841 
great 4.19971 3 197 1 7.9807 199 1 9.93118 200 1 9.93118 
greensborough 5.29832 1 103 1 9.13229 
griffin 5.29832 1 82 1 12.9228 
ground 5.29832 1 176 1 14.018 
gt2 5.29832 1 80 1 10.6841 
gti 5.29832 1 82 1 12.9228 
habitat 5.29832 1 172 1 12.3126 
hal 5.29832 1 105 1 9.3257 
hall 5.29832 1 175 1 9.77011 
hammerhead 5.29832 1 198 1 6.26983 
hanoi 5.29832 1 97 1 10.558 
harbor 4.60517 2 74 1 6.23258 75 1 9.74625 
hats 5.29832 1 131 1 8.10932 
heading 5.29832 1 64 1 9.74625 
heart 5.29832 1 23 1 11.0747 
heaven 5.29832 1 186 1 9.17695 
helicopter 3.35241 7 43 1 8.20871 44 1 9.77011 45 1 9.41226 46 1 6.26983 47 1 7.10981 48 1 12.3126 49 1 13.1456 
helicopters 5.29832 1 42 1 7.49295 
hockey 3.10109 9 104 1 9.00361 105 1 9.3257 106 1 6.13913 107 1 8.26419 108 1 6.13913 109 1 11.2594 110 1 9.68676 111 1 8.95009 112 1 11.2167 
home 5.29832 1 192 1 10.5932 
homemade 5.29832 1 13 1 10.9876 
hotel 5.29832 1 179 1 10.6345 
house 5.29832 1 144 1 10.2676 
hs 5.29832 1 134 1 9.68676 
huey 5.29832 1 46 1 6.26983 
humming 5.29832 1 173 1 8.20871 
hunting 5.29832 1 155 1 8.58964 
ice 3.91202 4 11 1 7.66029 104 1 9.00361 107 1 8.26419 109 1 11.2594 
imageloger 5.29832 1 51 1 9.7251 
india 5.29832 1 165 1 9.74625 
indian 4.60517 2 112 1 11.2167 160 1 5.78822 
indiana 5.29832 1 77 1 12.8635 
indianapolis 5.29832 1 77 1 12.8635 
indoors 5.29832 1 40 1 6.08659 
interior 5.29832 1 62 1 8.58964 
interisland 5.29832 1 42 1 7.49295 
international 5.29832 1 187 1 9.04486 
island 5.29832 1 140 1 7.48805 
japan 5.29832 1 37 1 9.79506 
jeffrey 5.29832 1 184 1 13.534 
jet 4.60517 2 45 1 9.41226 69 1 11.5541 
johnny 5.29832 1 138 1 9.3257 
judge 5.29832 1 191 1 8.87702 
jumping 4.60517 2 196 1 5.69616 197 1 7.9807 
kalamata 5.29832 1 4 1 13.4042 
kanchanaburi 5.29832 1 102 1 10.558 
katie 5.29832 1 178 1 10.6739 
ketchup 5.29832 1 6 1 6.26983 
king 4.60517 2 86 1 7.77936 174 1 10.8011 
kiplings 5.29832 1 167 1 9.82407 
kobe 5.29832 1 120 1 11.7069 
kpix 5.29832 1 49 1 13.1456 
la 5.29832 1 181 1 11.1143 
landing 5.29832 1 35 1 10.5275 
landscape 5.29832 1 85 1 13.4812 
latvia 5.29832 1 113 1 8.10932 
league 4.60517 2 121 1 9.3257 135 1 18.2415 
learn 5.29832 1 148 1 8.79499 
lego 4.60517 2 31 1 6.30863 133 1 8.95009 
lewis 5.29832 1 87 1 7.49295 
liga 5.29832 1 142 1 13.3714 
lion 3.50656 6 150 1 8.27286 151 1 6.35359 152 1 7.46137 153 1 8.27286 154 1 7.84702 158 1 7.84702 
lions 4.19971 3 155 1 8.58964 156 1 6.23258 157 1 8.1803 
lizard 5.29832 1 95 1 8.10932 
local 5.29832 1 103 1 9.13229 
lodge 5.29832 1 92 1 8.20871 
loss 5.29832 1 93 1 11.1088 
lotherton 5.29832 1 175 1 9.77011 
love 5.29832 1 23 1 11.0747 
m3 5.29832 1 80 1 10.6841 
made 5.29832 1 23 1 11.0747 
mahouts 5.29832 1 166 1 6.76089 
maki 5.29832 1 17 1 8.0364 
making 5.29832 1 13 1 10.9876 
manchester 5.29832 1 123 1 13.1122 
mark 5.29832 1 59 1 15.5633 
mascot 5.29832 1 159 1 9.86491 
match 5.29832 1 137 1 8.10932 
meatball 5.29832 1 9 1 7.49295 
melanoptera 5.29832 1 176 1 14.018 
men 5.29832 1 94 1 8.20871 
mens 4.60517 2 100 1 6.96146 111 1 8.95009 
merluzzo 5.29832 1 1 1 10.4785 
metriopelia 5.29832 1 176 1 14.018 
military 4.60517 2 64 1 9.74625 65 1 8.79499 
mkv 5.29832 1 82 1 12.9228 
model 4.60517 2 37 1 9.79506 98 1 11.5541 
monde 5.29832 1 117 1 12.2465 
monitor 5.29832 1 95 1 8.10932 
monterey 5.29832 1 75 1 9.74625 
morning 5.29832 1 183 1 11.1143 
motorwerke 5.29832 1 82 1 12.9228 
mufc 5.29832 1 123 1 13.1122 
museum 5.29832 1 153 1 8.27286 
mushroom 5.29832 1 5 1 8.20871 
n110tv 5.29832 1 49 1 13.1456 
nana 5.29832 1 185 1 6.19946 
nancy 5.29832 1 59 1 15.5633 
navy 5.29832 1 48 1 12.3126 
nelson 5.29832 1 178 1 10.6739 
nevadas 5.29832 1 171 1 8.20871 
night 5.29832 1 13 1 10.9876 
north 5.29832 1 135 1 18.2415 
nosy 5.29832 1 188 1 7.72275 
oakland 5.29832 1 110 1 9.68676 
obp 5.29832 1 172 1 12.3126 
occhipiuverdi 5.29832 1 7 1 14.9026 
oldtrafford 5.29832 1 123 1 13.1122 
olives 5.29832 1 4 1 13.4042 
olympic 4.19971 3 100 1 6.96146 109 1 11.2594 112 1 11.2167 
onions 5.29832 1 4 1 13.4042 
orcs 5.29832 1 149 1 7.72275 
osaka 5.29832 1 57 1 6.19946 
ou 5.29832 1 110 1 9.68676 
outdoor 5.29832 1 93 1 11.1088 
pack 5.29832 1 129 1 11.0747 
palomita 5.29832 1 176 1 14.018 
papa 5.29832 1 53 1 6.19946 
paper 5.29832 1 60 1 9.17695 
park 5.29832 1 193 1 11.8813 
parts 5.29832 1 59 1 15.5633 
patriots 5.29832 1 130 1 9.7251 
pecorino 5.29832 1 4 1 13.4042 
pendant 5.29832 1 109 1 11.2594 
peperoncini 5.29832 1 7 1 14.9026 
perreroni 5.29832 1 24 1 7.48805 
persian 5.29832 1 189 1 6.19946 
personal 5.29832 1 75 1 9.74625 
pesto 5.29832 1 26 1 6.19946 
photos 5.29832 1 70 1 9.89062 
pig 3.21888 8 140 1 7.48805 141 1 6.19946 142 1 13.3714 143 1 5.29138 145 1 10.338 146 1 8.87702 147 1 5.29138 149 1 7.72275 
pigs 4.60517 2 144 1 10.2676 148 1 8.79499 
pilot 5.29832 1 44 1 9.77011 
pitbulls 5.29832 1 104 1 9.00361 
pizza 3.21888 8 23 1 11.0747 24 1 7.48805 25 1 8.15509 26 1 6.19946 27 1 8.15509 28 1 6.19946 29 1 8.15509 30 1 6.19946 
plane 4.19971 3 62 1 8.58964 64 1 9.74625 66 1 8.58964 
planes 5.29832 1 65 1 8.79499 
player 4.60517 2 133 1 8.95009 135 1 18.2415 
playing 5.29832 1 60 1 9.17695 
plays 5.29832 1 89 1 14.018 
plaza 5.29832 1 97 1 10.558 
pole 5.29832 1 79 1 10.824 
pool 4.19971 3 97 1 10.558 102 1 10.558 103 1 9.13229 
poor 4.60517 2 93 1 11.1088 149 1 7.72275 
portrait 5.29832 1 135 1 18.2415 
postcards 5.29832 1 184 1 13.534 
potato 5.29832 1 10 1 11.2957 
print 5.29832 1 161 1 8.27286 
privada 5.29832 1 142 1 13.3714 
pro 5.29832 1 96 1 6.13913 
prosciutto 5.29832 1 29 1 8.15509 
pugsley 5.29832 1 56 1 13.1122 
rabbit 3.91202 4 81 1 6.94589 84 1 10.0688 85 1 13.4812 178 1 10.6739 
rabbits 5.29832 1 83 1 11.1617 
rag 5.29832 1 5 1 8.20871 
rainbow 5.29832 1 12 1 6.58605 
ranger 5.29832 1 45 1 9.41226 
rarest 5.29832 1 172 1 12.3126 
ravens 5.29832 1 125 1 8.15509 
ready 5.29832 1 127 1 6.19946 
red 5.29832 1 152 1 7.46137 
redsox 4.60517 2 138 1 9.3257 139 1 7.21332 
reef 5.29832 1 193 1 11.8813 
reflections 5.29832 1 71 1 6.456 
refreshing 5.29832 1 15 1 8.0364 
rent 5.29832 1 54 1 6.19946 
resort 5.29832 1 102 1 10.558 
resting 4.60517 2 157 1 8.1803 194 1 9.41226 
retiring 5.29832 1 191 1 8.87702 
ride 5.29832 1 43 1 8.20871 
rim 5.29832 1 55 1 6.19946 
ring 5.29832 1 145 1 10.338 
river 5.29832 1 69 1 11.5541 
roger 5.29832 1 83 1 11.1617 
roll 4.60517 2 15 1 8.0364 16 1 7.59731 
rolls 5.29832 1 14 1 9.17695 
royal 5.29832 1 48 1 12.3126 
rubins 5.29832 1 59 1 15.5633 
rugby 5.29832 1 135 1 18.2415 
run 5.29832 1 183 1 11.1143 
safari 5.29832 1 165 1 9.74625 
salad 5.29832 1 10 1 11.2957 
salmon 5.29832 1 22 1 9.97599 
samsung 5.29832 1 51 1 9.7251 
san 5.29832 1 63 1 8.58964 
sandwich 3.91202 4 8 1 9.43853 10 1 11.2957 11 1 7.66029 12 1 6.58605 
sawasdee 5.29832 1 163 1 8.27286 
schaeffers 5.29832 1 92 1 8.20871 
scrabble 5.29832 1 109 1 11.2594 
sea 5.29832 1 150 1 8.27286 
seals 5.29832 1 162 1 6.35359 
serving 5.29832 1 44 1 9.77011 
seychelles 5.29832 1 181 1 11.1143 
shark 3.35241 7 193 1 11.8813 194 1 9.41226 196 1 5.69616 197 1 7.9807 198 1 6.26983 199 1 9.93118 200 1 9.93118 
sharks 5.29832 1 195 1 6.13913 
shawn 5.29832 1 89 1 14.018 
shore 5.29832 1 182 1 6.26983 
show 3.50656 6 77 1 12.8635 145 1 10.338 146 1 8.87702 177 1 7.18378 190 1 10.338 191 1 8.87702 
showing 5.29832 1 129 1 11.0747 
shows 5.29832 1 192 1 10.5932 
shuttle 2.99573 10 31 1 6.30863 33 1 7.57867 34 1 7.57867 35 1 10.5275 36 1 4.31175 37 1 9.79506 38 1 4.31175 39 1 6.30863 40 1 6.08659 41 1 6.30863 
sierra 5.29832 1 171 1 8.20871 
sillhouette 5.29832 1 114 1 8.61397 
sinking 5.29832 1 76 1 6.456 
small 5.29832 1 146 1 8.87702 
smoke 5.29832 1 88 1 6.26983 
snead 5.29832 1 132 1 13.3435 
sneeze 5.29832 1 184 1 13.534 
snow 5.29832 1 56 1 13.1122 
soccer 3.10109 9 113 1 8.10932 114 1 8.61397 115 1 6.13913 116 1 12.2465 117 1 12.2465 118 1 8.95009 119 1 9.72817 120 1 11.7069 121 1 9.3257 
sofitel 5.29832 1 97 1 10.558 
sonoma 5.29832 1 190 1 10.338 
south 4.60517 2 118 1 8.95009 120 1 11.7069 
space 3.10109 9 31 1 6.30863 32 1 6.13913 33 1 7.57867 34 1 7.57867 36 1 4.31175 37 1 9.79506 38 1 4.31175 39 1 6.30863 41 1 6.30863 
spaghetti 3.35241 7 1 1 10.4785 2 1 8.44342 3 1 8.44342 4 1 13.4042 5 1 8.20871 6 1 6.26983 7 1 14.9026 
spain 5.29832 1 119 1 9.72817 
spin 5.29832 1 83 1 11.1617 
springs 5.29832 1 164 1 10.0923 
square 5.29832 1 91 1 7.77936 
st600 5.29832 1 51 1 9.7251 
stadium 4.60517 2 123 1 13.1122 124 1 7.72275 
stainless 5.29832 1 59 1 15.5633 
staring 4.60517 2 170 1 7.77936 188 1 7.72275 
state 5.29832 1 132 2 13.3435 
statues 5.29832 1 94 1 8.20871 
steak 3.91202 4 19 1 7.81112 20 1 6.58605 21 1 6.58605 22 1 9.97599 
steaks 5.29832 1 18 1 7.49295 
steel 5.29832 1 59 1 15.5633 
store 5.29832 1 37 1 9.79506 
strands 5.29832 1 135 1 18.2415 
street 5.29832 1 116 1 12.2465 
sts132 4.60517 2 33 1 7.57867 34 1 7.57867 
sts135 5.29832 1 35 1 10.5275 
studio 5.29832 1 135 2 18.2415 
stumpy 5.29832 1 159 1 9.86491 
suit 5.29832 1 98 1 11.5541 
sunken 5.29832 1 72 1 6.456 
sushi 3.91202 4 13 1 10.9876 15 1 8.0364 16 1 7.59731 17 1 8.0364 
swim 5.29832 1 98 1 11.5541 
swimming 3.10109 9 95 1 8.10932 96 1 6.13913 97 1 10.558 99 1 4.56677 100 1 6.96146 101 1 6.13913 102 1 10.558 103 1 9.13229 195 1 6.13913 
swiss 5.29832 1 4 1 13.4042 
t52 5.29832 1 142 1 13.3714 
takes 5.29832 1 179 1 10.6345 
takin 5.29832 1 70 1 9.89062 
tar 5.29832 1 193 1 11.8813 
tara 5.29832 1 167 1 9.82407 
tarakouova 5.29832 1 1 1 10.4785 
tartare 5.29832 1 21 1 6.58605 
tauplitz 5.29832 1 85 1 13.4812 
tauranga 5.29832 1 43 1 8.20871 
team 5.29832 1 112 1 11.2167 
tempura 5.29832 1 14 1 9.17695 
thai 5.29832 1 48 1 12.3126 
thailand 5.29832 1 163 1 8.27286 
thompsons 5.29832 1 59 1 15.5633 
tiger 4.60517 2 154 1 7.84702 165 1 9.74625 
tight 5.29832 1 130 1 9.7251 
tile 5.29832 1 109 1 11.2594 
tip 5.29832 1 193 1 11.8813 
today 5.29832 1 23 1 11.0747 
tofu 4.60517 2 16 1 7.59731 17 1 8.0364 
toon 5.29832 1 83 1 11.1617 
trafford 5.29832 1 123 1 13.1122 
truck 5.29832 1 32 1 6.13913 
tuna 5.29832 1 10 1 11.2957 
tv 4.60517 2 13 1 10.9876 49 1 13.1456 
tyrannus 5.29832 1 174 1 10.8011 
uiuc 5.29832 1 144 1 10.2676 
university 5.29832 1 111 1 8.95009 
urban 5.29832 1 58 1 7.49295 
usa 5.29832 1 131 1 8.10932 
uss 5.29832 1 48 1 12.3126 
uswestminster 5.29832 1 177 1 7.18378 
vacation 5.29832 1 179 1 10.6345 
van 5.29832 1 30 1 6.19946 
veggie 5.29832 1 14 1 9.17695 
versatility 5.29832 1 192 1 10.5932 
view 5.29832 1 73 1 11.2204 
vintage 5.29832 1 50 1 6.19946 
vociferans 5.29832 1 174 1 10.8011 
volkswagen 4.19971 3 81 1 6.94589 84 1 10.0688 85 1 13.4812 
vw 4.60517 2 82 1 12.9228 85 1 13.4812 
waimakariri 5.29832 1 69 1 11.5541 
walk 5.29832 1 183 1 11.1143 
walter 5.29832 1 128 1 11.0747 
war 5.29832 1 47 1 7.10981 
water 5.29832 1 199 1 9.93118 
wcup 5.29832 1 118 1 8.95009 
weaver 5.29832 1 170 1 7.77936 
wednesday 5.29832 1 183 1 11.1143 
wellington 5.29832 1 73 1 11.2204 
wheels 5.29832 1 77 1 12.8635 
whip 5.29832 1 168 1 8.20871 
white 3.68888 5 93 1 11.1088 178 1 10.6739 197 1 7.9807 199 1 9.93118 200 1 9.93118 
wild 5.29832 1 164 1 10.0923 
world 3.35241 7 47 1 7.10981 77 1 12.8635 119 1 9.72817 120 1 11.7069 159 1 9.86491 172 1 12.3126 184 1 13.534 
yankees 5.29832 1 137 1 8.10932 
youthlink 5.29832 1 116 2 12.2465 
zealand 5.29832 1 73 1 11.2204 
zombie 5.29832 1 133 1 8.95009 
zoo 5.29832 1 158 1 7.84702 
zucchine 5.29832 1 7 1 14.9026 
